29281020
270785894
96206811
5410276
80960984
687590078
99303264
99633378
143205113
150109664
215778195
360366816
573118460
104904300
325687800
68068374
16714208
91780273
31219062
116085602
127647009
467869584
94839600
24530
194567010
436414837
253891392
740573078
467396672
73569846
253598250
365307306
193712072
881826495
585638440
479337342
6772535
364403680
886612639
11106900
9587524
111551650
567784800
513389694
145538952
829126508
443966862
571579806
795061360
20513552
10968930
80500220
444834342
194175672
8411698
374933163
42386100
31208962
653461198
64539140
8192899
372336240
146538291
199528945
718779904
832789299
58182288
90904792
327277216
707679315
265483371
991911393
503179950
213978060
632134352
999218740
29294160
849882
206588804
21671862
212150953
405730093
122221814
116384012
261673176
296763591
940832445
213414924
620176579
263005611
203140910
26512896
201688739
302775904
375230168
27054048
827617045
10812872
122094042
381246093
471075716
975369320
391697684
366588330
141128955
396262144
337397774
981578200
915785416
494397428
698683470
208642190
232602850
24754275
457679559
1010030
257863704
472360768
914809242
204835131
69477824
400251168
491473656
76133620
121143438
202550250
573692914
14136537
316902751
226781075
732490752
494572415
908092570
15259572
61307028
74243456
235114300
93530108
74411610
372528036
80417025
579587580
49517079
178317744
73673341
440498688
14763936
293169114
779672712
28748640
649173836
112502202
350057580
41332050
565642542
240643544
305883045
702268670
151759773
108420318
169834002
141903510
232726832
66324972
52310457
215280000
523176732
339033060
772754148
72584072
465952998
35438328
161112204
75801905
315532140
278909338
330585732
290238960
565601354
826817816
101587962
74822323
1391742
91792820
711428848
250359479
37491289
26331639
4211532
183021832
594169776
8505938
189076317
605329956
348746976
401643116
585678240
194253150
82530800
161381220
16085220
350945400
60791305
295137876
61922625
124413986
160069977
573427600
434051040
673839348
434724271
678583832
180088260
126891468
630702402
100803402
402350592
109815210
819370671
60327540
558890892
330861945
257647401
187651296
125885335
161821728
199716207
128511420
332849294
425033430
772538277
213624684
290803570
182621040
625382640
409297
724437896
438047568
308749132
57717669
558235926
30998378
257072040
572859648
394826586
145695690
216261525
458225681
131318112
104784192
4369404
6623176
217278712
148506858
230659000
59258080
919597500
631729750
23955480
67421068
354239590
401048496
474024204
311229884
66218508
565364736
157666667
12129192
88150252
15554500
826734006
428251608
693089406
151265024
262166000
740689422
45107340
500766588
67716086
166687500
179950484
41945445
251692902
934092408
238612070
31601503
109602637
152666710
37281344
258403392
63459759
72471906
49116210
100676355
846557040
11429380
713401404
170598288
247205280
3917312
135123261
722272746
75407694
11006814
392665718
164725436
356323808
109267032
162572170
127844485
313938560
144273780
325515468
142663515
79383462
367972038
762969653
88744260
585468728
221892224
42513420
297082415
99924552
316700475
412391109
233469248
189712095
553913022
44000376
54601261
386962264
332935161
389943684
7249440
123245155
414007989
332220150
370043820
423751412
556299315
291853900
10658109
315885156
677743416
13172220
111242370
58228662
319268180
93104660
215168892
485859075
259166180
109931910
542423286
120741908
190894204
186598362
3580857
389809350
29033872
393979467
223793885
141585455
106764648
314762920
823267602
154329840
276794595
334002073
350916657
378543554
48332216
178062525
540786490
58150100
30568174
174628467
274560020
320752362
108966156
141846300
170993136
802697907
7391895
37110339
67615152
250121348
481626114
198247868
564476256
62008380
729264795
498656740
4220177
106154334
62365784
39876920
177954153
14388189
198922653
31538689
47091114
442443734
223931379
350566425
36339506
349631898
710371500
324469978
112429014
56527824
265876224
45145832
106897560
305115473
48459696
96908994
126163450
248093872
486457890
37339974
111715395
48343329
50532294
1854762
246979536
8421405
38341614
722254860
418493712
415101159
203463998
494679760
4369995
510476656
125489427
518079705
68731336
146611006
4870624
781628960
345012987
43777272
313060302
308263976
521262168
48039855
135886056
144111808
786196160
70762146
61770864
140815294
50973272
477278998
451235708
176111
199598822
114631671
122806630
24911952
101764064
431814600
25405265
131828256
144095980
808945
631244782
4854393
27473901
53122535
14679060
19977731
32243715
56830472
59113352
482542570
94258086
74278030
49925733
690081330
233175864
21746866
44655660
26484192
308735122
164691342
368562150
11693850
416190386
626166990
121526866
153938517
87135013
548081870
286119823
674826704
103885312
223785054
116907077
364460116
273895290
309188229
21289828
148275153
536001916
132466143
135843549
254890144
196635591
138646428
161951343
272651372
495052733
430997964
523533560
773261871
263247908
64563425
761617731
405111399
402831660
730167701
41767792
191731518
134571840
329204722
191775588
803566
645430304
709794
249652626
460114030
231272730
147993256
298711833
435962670
46777500
457144716
177436851
95087839
35397846
262032576
94411716
135058023
55900046
204110102
45972252
503791564
266977419
191326542
289961364
6564687
657302673
149308506
636992
135772158
3329130
33430500
429225984
470942642
160512216
117588704
229296078
221069430
88637864
361497780
140852530
205806590
32148900
59369635
382716886
339440068
112821130
714578800
151968033
490228528
214401604
226239552
13273771
412427814
38163825
34008670
43342248
38852625
740374264
74749080
611633378
289890904
342167942
328352700
317327406
96639072
21946037
276650055
413056530
463645542
142981696
458575754
267930362
63696136
222149748
53758128
60468177
271881504
95535180
50294829
286072498
49783608
7120064
472261608
565656232
123507412
548721376
451522890
119340936
86663194
56704064
132182628
56706440
7594204
733597018
719981864
308485502
81643639
194775625
33589512
491272252
213792561
67782032
668842824
313947455
198107900
179155600
409498700
668892206
40142928
174971745
149953736
816811535
657613385
743880960
265920864
735819150
945997635
7456300
127822030
94624866
319899788
363638832
42205574
419388982
59495018
93810743
146003466
210831064
530713820
76025895
326977950
57135740
1783418
156896068
269574486
668833312
5437234
526599240
78491974
415750018
528066696
315659532
393698232
34091244
61819620
525817344
218183625
290450628
51977636
277051660
263737365
193967280
89939920
42850098
12307360
29479008
774749115
190193190
47274864
93927120
464238540
715027110
723818022
154279998
474827444
46114596
163947
580740892
31821845
12122990
446867975
86090472
145569050
402510625
121181810
18826131
245144400
672091974
36946160
99817518
72578912
29373093
82324625
398077134
97688752
31336976
459256899
345357558
453166784
14078392
100577988
877333733
375222942
264855695
127272528
2161950
621245960
370100325
87870328
4593330
320933508
951653200
120470670
281976330
732432976
488451132
255886972
28435424
405400944
372114138
31746781
561859701
109230577
88926024
126227750
474737994
6693576
918449658
293953062
13620788
790593628
15160519
554517984
101205135
90271530
332220780
141466737
101272034
11536585
47100390
465158624
334666560
151064991
27969456
537600896
61682036
140981200
3852387
331548120
88872250
308120215
155007564
533738845
195799465
541383310
465288230
3251603
282578658
322227528
117154005
167338250
325719888
6183240
85857902
71680200
732348210
654127188
177641768
13481050
187818540
199508120
164845506
48535376
134024800
596480399
436492183
444731220
11959056
194517960
46635924
661773150
14343632
431678545
12561220
519269021
337274625
193076751
168929824
302002444
626770287
86879842
628897349
422677890
268116030
659685740
243202914
193392990
187813345
307996920
83591025
88074423
70109864
102385290
247714801
481757678
394456953
70107499
256259934
118023271
133642080
705445420
158309424
20447316
195446889
314314884
722281859
33952968
180999485
45679050
372929067
480019463
23573030
29436856
246003520
169939176
542143665
569239328
21652488
630675684
715126581
247141962
314464870
10095178
408371936
366092985
274151090
212681295
233126352
384587700
144332191
6828630
54176856
170906100
866040708
151575571
39673856
251384659
22656980
197876718
800879520
138174468
51825116
641611600
120491327
59735384
89740665
30555162
130294050
366294876
533406665
823794300
210731246
18106894
12567670
396460500
577764120
181196840
352296945
25596648
103030348
58553383
158726251
21199525
30440726
59887598
142956502
303630184
704634036
372181377
41457450
458446254
474016620
588631508
19094724
350630298
386215236
34706458
259572677
782892720
770972424
196122194
6713271
87488724
501907242
569152716
356392246
36145344
222302158
384403656
109015620
416008683
548376
4801755
222610542
642660576
124177807
731488835
66031163
76883840
668480634
151130458
119733030
333452367
55376684
789697152
250911800
2258444
474383624
13932798
115205220
65687552
71910784
58195980
495712215
825220734
574898648
914201620
41585715
43019262
1299741
813749872
328779000
50478648
92874010
432435356
246139849
105094178
276621120
440273125
128592310
293328322
567859794
473808049
301196088
184776369
124230360
511420199
368165175
178485912
192235406
267160936
51848490
528462720
470792552
525362550
722722288
164921832
54973118
454393709
708491964
143128033
96288895
49928228
127097936
2076732
354208905
850221085
139577040
20314800
370875888
138627462
5750655
574665440
196770474
530062884
279369425
360802420
489428070
209104964
512603332
786939234
295247964
118800825
128114640
322284897
32226524
159680554
146011284
135238401
457725540
628598994
10839352
117243798
332535644
140780928
53024485
126944223
314262
657632161
48372694
553852116
2548446
4452164
1263250
127163556
469057056
159095275
257915350
141414740
429428160
696097842
111219300
377541899
125222994
489154608
29790221
774931592
700516132
261604360
23089024
635669800
274336425
492386917
98815992
39261556
30590000
635282403
614963876
602362406
479337342
207352674
20457800
355822712
592459884
153713405
22841000
161015754
834379914
52839570
53885900
29573730
377647200
2012970
238822540
149688024
390364538
572746070
122116360
485411994
116976325
136798536
31401875
107373945
651500170
446592840
147966700
277880752
129062124
99890952
506235320
83563942
442846346
422593320
15289992
162982001
169027920
19843590
257363502
290348800
111397810
401475711
30129707
110096794
181648728
548046680
628063995
410433826
58990950
447984225
309542574
149923552
317249856
230666304
523287310
670257679
561716236
254847330
132175222
286103805
129590717
193612000
216754608
962483
435923919
194289480
139627365
83017890
268341642
720311609
32309464
605720912
279519177
43991580
373241426
233383254
92555155
15836140
185823378
464298912
81147450
42013900
323629048
558125722
335466309
495056520
101247636
200014491
458416192
232910510
593558376
717103156
204550588
97732832
367954866
746913193
130502757
413799147
343163712
21178630
38717946
72019575
369256931
40959525
7907720
121495330
491552570
600563392
332580441
202857525
290481888
255906836
454051400
486829684
845956210
14502965
475040565
33393834
45879484
41845779
466565480
806777160
209097056
327214008
23421510
336875980
34826671
27362921
56711850
3916706
4865760
246383313
66503248
174342012
201683704
37914177
179244156
390368588
376656448
85321904
819401055
141195712
9923910
59013900
381242487
280117212
272132016
89223918
6971568
160201642
189427940
218163520
321007416
728672670
2519460
938049
100822891
298393274
643768896
281949187
199975312
289668812
22816794
118469165
35766051
143845713
306428599
527405696
743980175
164584798
943733158
468745488
83811755
58267110
105604968
331882880
89022729
390663798
15623982
58518720
199695600
151424544
48052900
425095776
968529408
161048727
212040283
17390013
56766340
372454770
374493587
179248638
35730695
100707677
371872347
340344213
219179796
11211120
13759570
483187854
57412530
567868862
460899000
52501011
625375390
63286496
142584
127839250
31571676
97693477
368862256
392176575
62010060
24520950
352771550
191540802
230023464
655064832
277892152
670139424
161175830
367216444
205942500
32494250
63102078
421218216
440070960
68847576
21088104
442635726
429940269
27300792
67232256
7422920
94895538
24905561
15883695
27192432
214404288
583418647
663247736
307207182
15314
20577219
594559896
133912764
413782080
90730315
52402840
11656730
194253150
640718084
364804816
5577666
269608724
89158668
64593300
253979388
78070797
381930210
477927496
195354160
54360956
3123429
116465344
232384110
651889728
103512310
88591945
188056460
611317830
36191610
112312062
4241075
274328745
96265124
48554138
117570423
23661100
82967740
7853774
362296025
217147238
720371784
862586265
79413274
732979611
511863168
130264574
244404000
338259140
225832464
363962009
259055604
4911760
32099132
756272511
154623294
181843200
370684020
264311019
307931778
695485635
605846412
179866620
70215887
107797388
116011346
300514868
206095698
19184004
62645000
304611024
28288926
466080183
23423476
38444616
288704746
303510088
350759223
872095920
151924545
31757292
552061542
618634047
63673588
767615328
755113696
172026075
445990600
117516060
32195693
642320598
754268172
100915513
438266205
211863680
489310200
481853416
103485646
285727610
241491649
176228392
25722480
86745792
168015532
56711850
161148393
337958140
710920684
62836552
119382500
347658750
363778700
235064368
39789334
94478824
104971809
56718315
155497552
420918652
548081870
32228716
500328932
207880226
107214388
88854347
128726108
120390244
16111823
42486213
316897675
118938435
191643840
3253535
64011838
39587360
117268281
144514438
166975572
427280425
39262040
396270740
86938752
187689859
468745488
3126840
23970048
193893734
34338248
110654511
382228020
873685396
237585816
737850924
251914143
553487272
249066
813384975
378625119
615459925
84461332
65483073
347658750
232283226
180351928
73980064
16455828
260434980
11611533
244012465
345451210
168754284
39301552
21831804
259683600
403928850
235787526
64290256
764420272
86420687
192905484
430081176
306660250
141039024
14029794
148926015
202568731
384412022
439229232
12776794
491358582
357038920
442966182
539676445
347543835
52005550
76745710
102056277
121800944
315170328
126421070
88568658
28800975
913608
535129287
753452000
150346614
439099788
13830032
496689732
184535176
420591252
357464610
132134320
552015651
6949788
240584245
4467405
29560556
608027880
175116991
776875905
501894085
26923950
358587388
111934069
456812797
590300865
687677622
210667925
512820231
395560902
435972735
195814203
242710594
389669308
7187510
5881439
683104800
345938211
139627365
122593772
213269304
308521836
607007072
91296545
2444442
95876811
24664936
128109100
715822972
77012400
48140034
167770336
565241228
5049856
254184000
177013122
228924800
124636320
5305125
247073568
512392188
453048288
136169764
986574240
281046616
261738670
16769703
49879548
30831048
42937986
715934052
520785120
276151572
195263214
162060560
289852329
80383775
78727082
633132650
511528395
958359816
570915996
386046054
31779292
185493528
28845322
284066630
464242878
284620320
381100926
891804358
940216500
203572315
523667760
169129296
602437242
340599020
181178700
651494394
36506797
91792820
21640900
448244557
422086938
69879472
76003644
366092985
687481830
156947007
142653318
278827500
228871070
675317854
652481824
131358672
57188586
30626720
183148014
157932978
88658646
446663635
7249440
241826
403169184
192053892
288629352
385803225
259057967
189390147
836141481
58234590
326941710
255557220
28675020
517897320
76450601
454949308
110395923
260457659
26676864
305321000
285000252
301838431
566663136
397058534
423685650
237881412
916212400
14501760
426599930
50660064
123267873
185825871
183525032
700986564
232955272
351564820
78027140
68297396
126535500
355954204
149346745
265683285
264066560
125952248
37883354
48213544
39159687
687424256
432547161
464041644
76237320
165765600
149768240
452727120
920730221
47219152
145155340
144060040
568803720
132121600
561401280
164864205
126656154
823238580
458728353
117588704
707871726
664118020
287706509
629888028
15033200
504690186
94610214
32211095
386322300
293648916
439247567
17055011
605679298
135212436
467021945
75051648
494343
52752294
343354576
205472527
84201493
271996848
343751424
107416812
845956210
240512025
91079040
276382543
494914269
423022900
479393440
69285900
57605940
661286340
25771782
913046906
150109081
545761188
225044400
85633672
27042064
515826500
304485500
501796064
131015668
682021999
574401088
137275307
1260717
700255530
534642504
248197059
544302136
8040048
148452093
2495804
99801936
340770185
95022558
158085246
234560440
697874615
347775408
385264806
69163170
58826210
699854400
782043528
2203200
216494352
567434871
758163330
158984224
321920670
480519000
55057830
124821324
65351752
311727936
23506560
343087407
321865386
267937034
659151675
292129216
27427301
855369
168415266
187807730
482761660
387034409
186322103
53758128
648750788
400732164
167297224
8220160
437610756
19173280
102569632
186598362
284995929
896541633
302093640
249413472
622140048
658714920
47240025
280132217
43932668
36806240
169978338
28539280
293103426
168407562
474814252
588963915
558295848
142681641
829680896
732812450
112504224
858226764
102482250
23980296
172429173
40575032
311579093
260093956
324230516
195586411
3494799
292965308
570085680
26252240
603592110
457831698
36443227
35089761
64187664
213610425
142236774
128028852
248418588
22343580
135877248
103573393
179062180
476481339
1547164
58196151
208772606
761291608
443470791
311245200
379650384
19163664
119733030
642509646
541229150
233824492
129754070
347026967
20219017
60585518
849262200
175452399
567756648
62588086
820917696
489652835
186091605
2024680
205119560
957127472
81113662
77749155
94438036
116820396
107554042
49217136
63472090
296939980
935215270
115559235
500363437
270889060
494679760
197178028
123211440
377928081
67896192
199834545
66470800
209098276
354581179
460543144
622821327
840718808
4173881
262357816
27982634
816473006
54238992
133161120
563251752
204071104
111623958
3179925
248703420
840898302
53362260
265695807
16476408
475245990
216394890
375886068
349886417
97253127
12397737
169019895
53478386
440929692
182479632
761835609
85267216
153976146
19398795
237078801
658792540
625375390
249894645
3642444
16573450
26488344
27827030
957875
928620630
18926588
63920406
57717669
64908768
206073648
119865120
40757808
27620547
18248340
475367616
645866628
9780714
208723680
581903176
110962784
187355196
232280256
109476690
33858598
766001337
122009960
257419515
372968148
553624043
19175527
237090888
9466071
871912678
699026060
703056510
230020896
279766892
206256456
907570080
218688400
504512176
155708000
45584000
6003979
321938595
910602968
804231741
7670780
527733753
863006574
1038598
9190932
193176288
95917514
508156480
373597359
168814854
553465647
206820460
125653202
295144776
228625146
326017720
53456416
471223578
16292900
590452450
81550274
38767920
350416040
576947670
382111284
219687685
50276916
88523058
137052216
10163200
357685120
9514560
561305745
209860640
709390640
44067948
204807396
55434181
323112988
7083162
711981648
350931861
181331190
219116111
397090215
45852440
620157720
22724544
27289569
81203815
266218150
299648726
17177317
109742017
102407910
108829
250872544
77268610
380776610
117768768
180130572
178273641
509040240
78796872
773912052
73569846
413892160
611785372
114171918
154211670
8123808
4074120
122016712
289372565
500424360
450257430
239749275
298683726
19139198
377541899
143277556
174940912
54465615
231242392
356927772
192302235
321033210
163074625
280117162
24861424
47055168
226273854
120815226
343383840
52946570
385755796
70853964
239712028
257958530
168646257
241120740
15060059
97952400
485394360
43967235
520796360
564286007
210667925
350929824
48850688
15676837
165142020
64663775
259813587
222770628
95268260
78362640
23929055
390507901
891737310
357058752
365016288
98852857
219205870
27975852
132660563
387095932
172330152
124694440
292622128
224202924
174974574
100146438
266624832
152057264
215665890
408979376
190171860
661056390
207142908
223998260
47339965
181382278
799769564
105675908
2230416
54820518
31934049
562232262
358394786
117493376
68049585
26510962
80687152
99160320
229928928
642220128
870490912
111203076
323061480
37741091
104936580
444598695
239087310
5569048
683942336
20056442
247823292
227671490
620670895
83173971
2569616
119979580
64495025
127597782
168220920
40864824
119778021
209261184
631906443
123301238
515713462
218169696
35285912
109456849
129150454
391147328
828315165
177624804
611447408
590665750
307140921
3834399
624587350
228869706
121779558
583105488
173923056
498221977
175309620
37975488
56646900
809712618
51809652
148773165
88033160
526540482
173899382
415039555
223452330
569111400
531883080
8774209
401662162
98291664
29283010
12462455
371409419
278489256
149377163
160381352
78491974
23092736
492836400
316218837
100064205
129572300
235312686
386786291
354205320
97629810
415732456
233082750
25464450
198898077
487944158
483523208
94995745
281839310
191003010
395544964
548294176
197829764
253411686
550835076
71756353
295114755
427946400
212308845
23317676
183957345
472943487
3793896
416930250
273742952
39479115
423229532
77035764
22967352
13028400
59632014
103278136
887078160
552293320
337100913
337962624
112428978
524999412
242052885
703890050
213089734
107349881
392876081
48460500
188615002
25864732
96935716
182890071
87666084
16232313
25771782
683704215
148488255
209420475
144094076
171208800
95818998
52334956
829269996
499200184
347108080
242389719
360664587
17916325
18245736
150497513
474603860
226298388
23929055
162413724
120635440
907052720
83396142
406839660
618837705
18835092
68130447
558596466
112130612
679817472
543759524
66065200
68755201
284646795
433283652
314842854
65474325
43780220
132106590
219238271
31425472
162970875
525413140
881938701
123298553
109784265
304382970
111673932
206405253
540900
351564820
11005344
28969120
6928398
33588262
169603449
182960817
110556386
264905904
150778917
63836352
15721500
851510895
182081096
806205748
824476032
368531100
208115194
280024034
498582880
57321429
503963856
33833800
272512600
18975976
180074592
333257340
39957882
340559800
141846300
31058508
204102504
275984714
84493560
712699533
62535566
103253886
45722243
306330702
405839328
95736418
12341265
137580864
539089896
904685984
253265670
193789273
661286340
32933520
347301402
298025730
15955422
245865736
547092854
642007625
384562168
273720195
164027292
59339488
186644448
147527528
104255424
671560540
22259131
417086328
30074464
371689839
426810160
127489856
372054710
525425448
8869888
310435023
347040528
2733552
255832779
92133398
574443375
267342282
338459550
354155288
516821956
821913312
191088936
438338404
99105140
266441431
866513865
359363127
102462486
91944420
174993402
513743360
230345172
419720108
653408910
160861942
146538291
182682834
605925768
743561126
239086514
201291840
184159476
321405306
234128272
33080754
21010088
506351832
78409550
430875381
132699786
36246784
46977875
9466071
698915570
595060085
116504388
23644680
307432944
383272120
477852570
30410322
39160440
69815456
391791982
47174110
64250172
512392188
111802080
42053660
579890619
264484864
6708860
299085080
142440606
39335466
423557030
307392336
119803209
56599485
381454806
26208171
111320000
69798957
176714592
26655230
287069376
4953900
29863971
282235842
18437838
7919692
264053506
468544976
102809702
12034152
146239560
272163892
197169984
5629320
55236575
145942893
426228747
580978216
1974932
24850664
516501153
138612390
264758043
373201425
605397
277947604
734891910
353450669
125990964
899884737
13480500
50755896
8377642
497334300
94789800
67119290
487917560
227247417
82813879
733785088
220806774
310111704
158685888
114323616
59512002
373511301
13469841
8177637
221503575
5160575
533103140
160623015
668865373
74124638
20445403
135431544
238111431
7277436
148978911
272294370
411896095
400143960
687998265
594169776
680379525
107844210
593395080
358100800
452450808
296213096
304781666
99734221
63184139
132202860
26172290
209209616
103473193
657682432
18131724
1401620
25662720
502557315
382955244
237155325
59891814
814760100
72331401
424366608
450333000
310884216
298798296
530035940
308116672
20519379
119489825
8122350
142709116
5616715
394523766
318625896
455242628
209228248
283049168
168764552
132946328
154149937
622186740
57329100
3972468
361902481
124290018
50239000
129152672
91146231
839260191
506293005
284467350
15393825
310712659
337741652
526371448
656470548
702618336
298986869
362521347
134264825
470178576
261922293
34651741
910602968
87000524
851510895
295698426
110056648
34047504
164407000
753940548
126556025
398908434
40653180
135478940
141864165
14343632
118090620
403454000
49015221
5829300
26715075
510589560
130572750
163712988
109280605
234788260
196142263
154191664
22932365
535761290
546674496
82559820
103167990
94320534
475110528
24277032
387165463
88885902
34077624
110395782
328861000
166769859
120739072
42655998
141655132
351779445
383340429
98834352
413293886
495109810
91865900
160165288
492521218
259690560
235681579
162788864
75318808
86731386
164959745
236759460
477174104
221676363
331332894
386631288
223011924
839251545
79521472
707580077
206069985
262978208
107160042
35788680
73374261
960281716
37618574
33462769
137387648
881368800
441186358
379991466
4326909
342130150
436260685
22598100
8227314
123297930
48061985
14587524
317875995
108194724
578166490
332029808
206319736
503352863
269292446
33364980
102745568
59391216
124881513
894543552
392821992
141053130
245084960
721241892
7948568
6546302
381143040
165971241
70744580
604363346
303359121
180449612
316741694
91206108
638527296
429990582
310530840
239425912
337807906
484039084
129296332
22661200
343103467
456700530
119307059
178586100
10164225
293767052
17685722
238983750
132539760
381615774
147524607
30603468
42125876
433664704
67925088
826840062
862586265
668797190
16397498
76155135
448439770
266441431
261344808
30946936
79516672
278584704
338830478
23670156
615294600
312029235
513717120
83287078
268889566
345460022
36464256
920569020
3117834
760216224
74986884
340751400
68525030
306673024
651494394
74769700
392136234
147367374
2089048
52439560
117919140
140898
266578020
285400503
204253854
167959968
16990530
307003203
507962812
474659072
579880704
18908208
565944484
225505248
399662640
319929144
42772614
38933370
159272732
482699070
34236084
841257394
484743492
33913953
22635814
100737419
123251256
52464214
369430659
461424976
369326870
21088104
2786001
318237660
126866874
426583016
358928430
158124029
390507901
122277872
524992680
36089208
566455173
253891572
141592199
4273140
80770080
262911285
308384049
2820030
299552743
66777048
49618728
449470355
21141528
40079111
269272788
296776542
45616260
13484835
335760336
91615785
300036438
93810743
111934069
30345380
384344364
373507902
82318260
79369632
71408160
47435820
399839490
503572736
143132220
198967898
575348280
283937091
31302634
337397774
685350360
264053506
187835070
4304128
336748306
25520349
168662131
208506558
25239240
321162208
273046560
225084620
84703248
236628188
116183176
214131120
310096465
357378926
150737402
315110506
119788700
43518240
193068294
4599749
122732253
968026940
243916150
105519663
439688880
25898964
626446863
60971298
84130628
632418700
383481990
39395736
583095286
50450985
124829188
156421164
26233208
825695779
363327519
648215913
699280425
739578545
197604764
768972296
317458592
650366157
884640096
37061066
211564436
649841040
399777760
151198425
537050268
729177365
86050329
41448645
795471072
494484329
193264423
452426800
94009080
668124422
55120800
486708448
13971855
88834713
652788210
581564482
192230844
762856600
60928225
260333080
22482984
58630425
55669356
643421478
273894328
165285934
89448750
150778917
25329064
20126169
199141182
495385851
180418176
476403379
28807268
279975051
387230760
306865
135631914
45852440
357567780
419776128
376110176
186098
217898274
880781148
894181928
211004304
887078160
98742691
95495816
939847160
163560333
37050722
833836223
196106415
81623000
392583856
213481380
360629768
213292605
766388
219381752
366339892
818733348
394296483
2207010
106041848
50704444
369503423
82892316
104892753
426992020
854797968
352326205
51782462
54270489
286004664
414948448
72626990
250252494
407388120
24170460
678102256
70518136
99005832
615903744
123857178
601082547
763940782
29215566
16232502
433011015
5672406
602384107
37198038
163242144
237781432
510635443
352823395
499886751
12676680
244554970
654941120
269927597
314200656
508596081
111403020
54530280
416008683
124644429
250208035
558125722
64779792
898940800
7315734
61780842
44784630
183566201
912546129
709634268
77122188
57410400
106789680
597521977
128234144
615436584
28600290
362555814
128226288
359229206
272603025
55247544
100377919
131413390
161935746
160083844
4832659
620015339
813384975
439537266
562846240
56029014
333615905
78222335
607314375
660876804
78388695
520738400
4711697
152469996
329795580
318808592
545390458
411082752
662049900
615258250
344718384
159761502
397026634
188223532
193076751
127322405
431206003
15190634
362117520
15446464
192141465
311952887
823716405
392194681
232288371
44194344
177608000
411663504
33899838
88367104
98813034
189918135
506462313
777318190
136980059
239581895
73940820
325001460
5971245
147492333
37281949
266271540
13956090
40950234
153821600
144286152
27055260
153864999
48623991
195655746
332319680
8684928
517096632
714426460
1860180
898060204
317112372
241094748
250202400
802697907
72089820
206328276
134468936
103304352
526324026
79529898
649978848
33993540
212287551
303047939
594311840
42103548
4316192
306865
128059296
240876440
155554295
236352980
13764993
440710974
483112389
969343009
75215190
12229644
161416530
413843163
172273626
58525330
245175565
834274485
90543817
632167778
27545144
144802950
379334980
395658574
22666086
569467272
265784082
388193210
172165041
632558976
321787480
834507240
222963624
524672895
464301215
484729245
117176412
315302000
723771594
422919360
622365360
181382278
159996816
334273450
214896360
253024158
250359479
52591098
897706068
483408987
131561943
533008786
253193430
219750690
108658310
43388928
341809790
95540850
1358970
40030835
84669646
28696420
4741615
158703495
361185594
153711376
451560000
761359545
365449023
286991424
233221052
297860305
489341412
454051400
15156630
585678240
131345964
177751521
298272172
405712320
92797818
234427020
220440157
88988150
617890965
432845593
12689502
503352863
24567642
32634882
308842464
879509790
141407778
57857220
126936480
883233792
310426064
89050720
203855070
253608212
414587762
12870732
107726070
37145416
43943328
5018728
8404890
54854195
40816192
92079016
262096100
11513658
363059128
50247720
50429361
241465680
526522675
192008420
123815835
99600576
600024684
50376417
557131300
703744336
649824728
2401280
215853952
151850400
436440160
41744280
24884671
309133440
218984610
467725685
6971302
737781698
202837656
165485476
498073565
625367520
12210950
250518156
144297769
1391824
359129454
657155230
504192816
80269050
145656186
193199946
52881764
172752293
4395343
126944223
698242314
73886568
648892524
748786935
424891332
745275375
816930
356392246
175955936
36075531
74017524
185119330
269839402
539334610
506801736
272595772
154219142
14991720
181634320
122241624
505148400
78959768
141383407
247552772
461528845
256464945
879928616
478743171
519858308
100303008
344471660
29040480
164708712
204327968
629140896
140112623
593111130
103365456
570476750
343566080
416669805
292897575
498631554
24390585
64140832
268412760
233919232
6921430
20702353
587855597
932647950
89857654
74196928
185215500
278349594
80990000
405427818
494165090
339509766
267974000
252941235
120204501
11225416
606476712
57597472
612595904
84620256
246655266
20149752
284506300
259539750
59969760
62225235
175768128
165807590
926912620
697863432
68679919
158685888
1783418
148544904
23585954
314842133
35746250
12971480
29843982
787311420
98781866
183488067
213131120
418985460
82569564
104027936
269561740
423280148
96682128
192634
206993904
65670528
153889239
163291849
121440
742166125
130963767
191992752
29824839
524347275
144700230
27531266
229627454
378778680
533780225
247247574
220364006
188388924
3134450
12428290
67977536
47259780
166671586
189336525
674787261
588631508
146413911
113394276
127923378
269428070
37467828
263839441
401145186
694866062
131299935
68686460
172669068
105128814
1665300
164570846
54028127
323045961
721638817
618291984
198943220
504062595
84285900
160599296
35555622
44652920
117529798
639520884
2012970
41586941
109038160
18664776
268594218
18772600
54997488
12889536
307665854
322284897
127183126
409640960
229936335
62715198
115327212
88171193
629564400
93828357
196169688
308797568
586348510
55667172
71699121
36704781
105305085
6810894
102556380
300355788
589973475
206993904
85001832
107623440
390521228
33307152
444834342
240869252
371235072
218281500
4071723
248790782
179248638
93565512
85322475
242229822
154499160
239207254
21656192
8966412
251753786
523780608
63015828
242715282
136149420
208673850
198271416
298950528
482778840
257082347
78477750
723143400
225050958
312434263
55525848
160088256
120889002
998647320
58377096
16288320
678715072
352701845
406558611
488451132
1203993
52162560
188818966
3516813
405439600
94240430
111254160
257898240
534577620
190005675
38325744
132093850
6887624
77852508
723099043
10135620
417573192
522797376
358747460
544802375
531086832
128386460
358516112
59853900
278930581
245738400
569949807
177891596
112268554
51161897
201544548
595033600
36501168
316532601
452144154
304046430
369322896
27013896
188002206
89223556
606634508
38717400
458048136
779958972
146797114
1072530
36683380
236638685
152529744
275164176
102617718
258478128
414301326
138692748
183434740
9962979
435252870
177593594
140374477
44610890
332405638
370937106
0
787475256
73367865
236039796
28952846
754698407
231492751
57418775
91711972
725711756
482165856
31628415
439135758
203070936
401475711
42660420
43669225
286322622
372644407
25544101
167877862
5216735
735362676
135298512
882416240
264928825
33939972
53263980
636717900
365770881
65103360
122731350
113911434
586226610
117307790
164927430
34116896
604944872
31371150
329320208
494165090
302158406
18014556
365383326
554507145
600051900
165363700
11370060
689836620
310004044
602025721
360919384
320481656
218014953
406585927
87879019
188146900
686530464
280455984
928151670
107307625
149891475
941107612
139250076
288484621
550774675
473412714
242502334
399993840
992556
217354566
31159830
330715296
335755017
136434820
346247146
36781324
15849876
87057254
466275898
341485692
487825936
183790884
668530004
31566888
59970973
93092972
496478268
110884680
579075000
45579284
200872350
50777720
914273388
145803426
210805950
288408000
5456856
410147830
254219760
28775280
251403570
67925088
104306400
169014016
324802430
359053420
148718766
196697936
595618100
151265376
292965308
375915775
205050452
302152048
61149249
415365270
16866954
32736990
71071778
43160376
20414054
549521068
49870324
99523338
78287555
460899000
759835981
242179392
86808762
516890745
62870175
762872796
751349623
234481810
140791032
70013952
202444700
26705076
327847014
248583008
42737200
343788445
21092043
33511100
205973246
142040865
58426896
38057664
179126878
10688350
92685346
336187654
105995428
605763764
683615491
539270591
103691700
85034916
13764993
71006826
6539280
305127522
404167948
339744120
104966565
35277220
776562012
456748950
709517482
348633180
931083092
33132770
375539802
13581405
232074528
111903792
24857982
576117853
255178896
651751920
820737372
259192291
21739648
145072991
534642504
157021984
538831656
197811168
73581219
274301473
405894500
926587504
17794092
125176590
23246340
618480
329799076
289650942
193789273
30048880
885289912
28874991
3035265
195608132
109127580
169968147
178434000
710817730
15055710
298654947
602402164
73896102
115286566
328896
105233948
93768025
526465744
445914306
333968910
421174820
356086608
11324105
4857450
255832779
159414943
358544470
31471543
141745451
284073851
648478740
130027248
58111720
82435653
448599141
680174770
443888084
23263614
39962100
163633296
500546286
632619698
522313070
359686566
109381230
246761460
123365991
4251912
46269716
120923696
18655744
342347166
257170584
604592128
348339635
4476175
293650280
268661896
336581929
273784013
232396662
257231376
314905134
8700747
40101093
98408415
620866264
135431544
328214304
9327084
234760582
64132846
77828272
372613650
188567502
27053354
12567670
573444594
112276530
200804057
972547534
45588106
80450760
101053126
9975420
43494570
784158448
376110176
234907979
5474816
91473286
29638388
13028967
177074350
261643260
213566334
60875020
5239853
275698935
64132846
354680496
28230726
754536060
203296896
49646233
240798822
68861448
501821955
49700608
29759800
157172700
49234438
63036204
8571570
296555724
111574165
523448352
1068795
7125890
608349750
400142327
124294990
212088639
202335072
583004190
340256390
179013096
461953215
689439933
509198302
134406555
335661854
190046990
15004186
226170110
13134220
86032570
104758008
45652302
668480634
14723313
293731744
6306940
284492178
114944736
275181522
150284442
15450015
162859344
535763079
91911367
226456708
493446100
326903052
605572800
152852920
196224222
359944969
96857182
2278608
239318001
382892730
169116717
657291240
542982950
182029472
168006212
62781780
164614086
119782089
273107445
433208212
196364880
440752361
285706575
23603208
2977480
332012400
73521260
253331638
282098164
241397189
222107370
210755992
136327392
427188608
74123985
427080215
112376502
200484598
650570146
100211128
48702264
647989134
471857688
724414677
430166272
175477536
2883450
495712215
329114160
367921679
446237964
12342400
176480933
8680995
91174664
256882794
71524321
137816500
45390121
85722841
36281070
32899867
561814923
43431744
144560424
450651028
104376844
917254703
192104892
488266629
128292336
254950536
861161862
210131220
165332167
39194320
478981945
906987345
657293415
300216687
695600333
485084725
308032
269448630
231740379
448898800
174940912
52162752
302625715
598639852
302655930
267450030
102325132
98912817
11960139
127611774
33960390
938490000
509762482
562269657
170811698
640279284
356174980
709634268
702201312
770361460
354227754
44689656
50053221
497482356
75663150
436815554
8684928
344497195
37280380
373525776
19259240
183021832
277289058
391791982
282718206
3526234
253470413
57716010
125481708
630370923
975508261
179000752
817270350
737906930
293626410
68019270
505459500
50704444
124431000
99874975
128992770
894352534
19740310
387834778
117389169
10826304
976534260
718333911
52900880
47090215
94478824
76020044
75541834
403863866
80630634
69428448
52429110
459476064
75964338
25950785
24449575
159148320
61678800
127080930
16912896
97447744
5552525
11959056
328478766
207170798
209962989
231350400
603981474
36427047
163333452
2586163
44217876
66517400
578449040
822700412
15607144
825169191
5020895
603227636
36286384
96251200
305541068
284059732
196187868
5219175
248817438
568703664
484009768
545235670
404092010
164442258
413877913
37074044
125390250
608419428
776560
11932830
211162545
129904992
8876610
558341370
85346107
686234538
191560828
90398441
385281350
42474866
181709322
60497185
79439304
297732723
184925203
477859278
181200312
169222144
131230449
224869196
47725568
610218328
57638459
259563480
298547982
626974908
18619545
7202008
174940912
12943611
46156674
23255208
328575984
492641595
68820318
12563120
446013984
493428721
633414317
91222068
567359210
392013020
542472116
68108347
12768125
507221016
402420291
170639368
301255071
40051746
383924520
245622500
8110000
103104702
688616190
223055484
242177386
349279697
96582760
169930941
669148040
268445466
239548614
113490270
139146930
593482104
524123120
66688559
568001992
836405472
675711048
62646908
202752495
622034732
663236847
377763056
169855410
52465473
882983372
544387797
238779552
293129300
135096558
128347416
453224362
145444464
65598208
51745860
146896071
16168768
19400040
168957390
348740023
101433679
700601275
954352456
55934100
22061264
83653479
748188220
498496284
199153380
124038068
74227588
8736048
776464566
174728754
93008456
46114596
500276707
248371940
19259240
457350300
568255744
4169338
213924617
236127858
339870132
110570352
191333109
16211466
457608684
232964424
91639080
184540928
267117885
216893688
245175565
75318808
185633748
408957710
562068670
221699430
133874304
333353448
489615232
179662405
335139760
8084628
159401528
153207365
111654544
276201744
96527700
378518580
681452688
73635075
285530784
151159942
187355196
506333481
216754608
419648
240430592
236646774
117442221
736733371
67529700
193943319
124517140
29402670
150451556
898878141
365340024
61009818
175684584
13848968
192984620
158144404
62039648
319660075
189229520
167178475
851822680
151950575
289784790
237325965
85777186
665487199
39385586
479593750
266977419
297222891
443376120
237301120
153713405
187355196
157932978
22661200
35594013
168455578
24020141
99229360
144382555
31133418
511398867
11159490
254731044
292627416
100890504
108261050
736856442
211853642
69305379
353638294
19322177
153791945
5338088
514032750
561693834
590319450
423084708
334770642
209295925
339681312
26203632
211733808
550683900
430842555
484521966
118733632
590241860
74365560
25128042
35941536
304940718
708363432
695028952
885357396
17841246
612791504
376156228
153734952
467755728
11879517
17928960
214344966
236920595
40352080
427107681
44129400
511845164
77552640
561003108
83344800
314550
97976844
47585642
581290517
110919872
194158824
3305900
293816439
562014570
68068374
216129123
64741344
97495776
408169476
214410012
86049121
29037398
339998784
115441146
170795790
262970799
309366200
565454736
77842212
136040079
31711542
51515244
102303000
121503041
16737864
23772448
457576521
201021938
39737792
213975078
196476525
21605073
43184808
201109248
50523678
874169853
94979978
230899200
126535500
207699632
206039112
164941119
95547680
8571570
71208650
276467904
488590025
423084708
829504494
340882500
498678620
163149987
254956678
596438640
22062360
153739092
280092096
181604952
558759294
16677186
183017681
29638388
58379616
472957576
4428
408419900
552988821
233709164
125087739
567680850
186099570
136050915
960238983
671064382
831568711
87531448
88592780
12275234
13627719
242541216
168471744
344004980
817216239
645527791
299551968
107592552
48044880
306673024
210395170
695760163
807034793
89771616
287271820
570327936
124394628
47816632
15163134
714205184
78760145
893831657
56401056
276777534
91605946
487058264
451956700
18047466
163979946
61797660
191139480
467196548
71921504
137608460
465384656
138110499
54633264
75322814
33361328
112923627
391383400
121781187
150725700
4659408
122093476
8507520
38767920
21137974
259446368
125465250
115455501
10270029
717921750
176095620
4416260
50754321
215940270
95671440
109795842
289759561
83945106
603357909
544194392
310707678
89041536
561692208
827424012
302746950
36984255
205866195
97293590
100405618
11409444
105548844
687037500
13169390
945329200
25600156
35466900
2007236
294018249
190442728
371079225
281890344
89919986
876846894
14530950
734822553
110096794
392040467
438575424
456695495
242790660
25786992
146453783
128663535
270651150
92622657
351025290
87031110
47859060
13495750
68875499
430957120
248278992
233415471
186287192
577176
747444712
496398075
245084960
11422616
204710144
402372465
227058645
119756135
31177378
2012970
122865288
68806242
5952728
671012760
321880601
380776610
551204940
490112700
222406664
43958368
471507648
29999475
1619112
234245369
60924773
5831328
167062980
305900660
83769930
537515179
70471610
33119538
167948106
426478206
451609403
319450950
31411408
90284337
340302424
830325975
43356130
14789852
238346567
683104800
367755678
64743237
637722564
498188156
157785326
131858190
114971584
17469816
36837802
646454445
450006830
37953735
68258700
774335488
8050990
430196823
36138405
38790741
809144715
704427006
906987345
92770290
1745562
276215360
120169500
90129696
44626384
117154005
434724271
8409420
52782669
764019142
166827962
750970056
426221950
31100990
203044842
972324348
306525362
23803808
189135496
147314097
72763275
10036748
301722728
122756032
61356722
103010886
318720624
281938800
17803800
254914544
30029616
68562105
578064480
333656470
447469750
78409550
75672060
23572900
199381155
671883423
179829870
102334988
68798752
53489515
704766988
159996816
352710531
18022944
312782176
32598406
464238540
156265920
84972693
327133226
217871888
91461110
180230925
318260839
382484480
261158376
375335871
667873764
794940774
296032085
159583950
531834053
10724615
332924361
50060317
382362335
4358310
355880656
585741880
48674808
2555495
755718240
386255358
359628093
134368819
376412295
12824719
89991998
184169348
26856264
365874390
73188115
258965694
88937433
41845779
18736185
215757196
199309313
417527910
26429130
472120848
623122465
682956186
453810530
169619940
346749165
80436398
100501359
67208560
147186030
220300938
180717595
389934750
538548106
77091204
654245515
222824816
3839022
529227319
3676596
452289312
259727825
95613648
3434820
137620212
268662660
1783554
347872664
79062594
668480634
412053533
50376417
27192
146420056
18060475
533224992
656230262
226343691
35034894
419432760
16214803
191326542
15701506
136493223
144929252
878960346
81419175
160410745
28673705
176734608
784158448
613780622
77300080
161057845
63753404
329061690
324034272
95435199
8958014
39594280
134184213
193092640
30244728
94895948
296558255
81735676
593723950
123778560
54657464
62684118
340854530
55348704
40710860
148719831
299217644
762405
1733648
343638274
68181336
26508141
131956824
243404796
103253216
678383040
97688752
448488920
404112952
399499816
21374457
454390425
58428422
25537759
124431639
261739170
115584831
597797172
629444565
46445274
79824588
376601341
55864768
300924470
903650756
25159304
737339652
283000146
236649077
350853096
506751820
1547164
256990446
37941904
46133548
173493684
730126260
146239560
210539137
149617563
186308685
505498842
213562296
358926225
131302306
57934932
75023657
163742974
115104576
69945889
557655010
19469568
3838815
220952472
468755040
356076644
14819232
102619768
163032342
269664774
245808290
145596432
492414762
388105960
448136437
395084214
3426784
208362780
464471598
303548982
202873936
135536544
79140336
606762895
209118459
7405032
37064580
90689280
418937088
433414864
143708652
86840058
478211458
546490736
16468000
141461775
429335328
345368651
143038216
131608275
360669841
183275013
695979518
103075301
86784
550292038
77223360
80853206
94287132
478739990
365546220
445321792
421542575
57815796
789436140
258222132
121483728
101053126
267626201
576593605
120129515
417837738
261664172
939544905
178375980
322007634
617716801
258696997
226088904
24368754
637467712
272347232
265452876
540421434
186887613
347590440
82873505
101339552
389008793
197157202
216369045
7041278
33261282
28228449
264311740
397495656
498227208
109910140
17646300
56205538
516239696
592265550
715058445
729666063
373023
191065068
720606656
76900600
119103088
350973840
148888740
56339276
130412620
113075872
37941904
8946257
198071544
39878046
835559340
78032115
244661137
242210250
83744076
334946646
258222132
104577480
60905064
153817445
644255592
13031436
76025895
862831668
139011894
381360525
273338100
46719838
100827055
45214400
119045740
50217934
444940740
291139980
187401360
79541283
406464480
148773165
372195572
18650952
110525478
153262291
457731934
641844519
372700722
39587360
204533992
65531600
101604864
98733026
333511895
563640287
101950200
334323856
7289514
101053126
158697847
60925740
58692944
102793520
82315697
32067528
76457997
242790660
100153791
50458839
55120800
628015122
19337958
626173098
143282880
705210750
255292104
352326205
254512520
16396274
192951750
303105820
408141552
144053481
567035010
530062884
60419601
503572736
296865751
875540784
407485302
814243845
177599484
908895078
630370923
12791565
101435520
290316560
434863782
78899364
131975976
653081535
553436652
132946328
25583234
226233350
75604536
376584684
527618805
