  2  3  4  5  6  7  8  9 10 11 12 13 14 15 16 17 18 19 20
  3  3  5  5  7  7  9  9 11 11 13 13 15 15 17 17 19 19 21
  4  5  4  7  8  7 10 11 10 13 14 13 16 17 16 19 20 19 22
  5  5  7  5  9  9 11  9 13 13 15 13 17 17 19 17 21 21 23
  6  7  8  9  6 11 12 13 14 11 16 17 18 19 16 21 22 23 24
  7  7  7  9 11  7 13 13 13 15 17 13 19 19 19 21 23 19 25
  8  9 10 11 12 13  8 15 16 17 18 19 20 15 22 23 24 25 26
  9  9 11  9 13 13 15  9 17 17 19 17 21 21 23 17 25 25 27
 10 11 10 13 14 13 16 17 10 19 20 19 22 23 22 25 26 19 28
 11 11 13 13 11 15 17 17 19 11 21 21 23 23 21 25 27 27 29
 12 13 14 15 16 17 18 19 20 21 12 23 24 25 26 27 28 29 30
 13 13 13 13 17 13 19 17 19 21 23 13 25 25 25 25 29 25 31
 14 15 16 17 18 19 20 21 22 23 24 25 14 27 28 29 30 31 32
 15 15 17 17 19 19 15 21 23 23 25 25 27 15 29 29 31 31 33
 16 17 16 19 16 19 22 23 22 21 26 25 28 29 16 31 32 31 34
 17 17 19 17 21 21 23 17 25 25 27 25 29 29 31 17 33 33 35
 18 19 20 21 22 23 24 25 26 27 28 29 30 31 32 33 18 35 36
 19 19 19 21 23 19 25 25 19 27 29 25 31 31 31 33 35 19 37
 20 21 22 23 24 25 26 27 28 29 30 31 32 33 34 35 36 37 20
